a = [0
-0.002466544
-0.003935975
0.000892154
-0.000629756
-0.00781947
-0.00934138
-5.25E-05
0.004933088
-0.000419837
-0.004565731
-0.00472317
-0.005562844
-0.006350039
-0.005562844
-0.006822356
-0.009918657
-0.01254264
-0.016426135
-0.019522435
-0.020414589
-0.022408817
-0.022303857
-0.012647599
0.000944634
0.000524797
-0.00787195
-0.014641826
-0.022303857
-0.020047232
-0.012122802
-0.005457885
0.00629756
0.020834427
0.015376542
0.007084755
0.004513251
0.003778536
0.014956704
0.014746786
-0.000314878
-0.004933088
0.000314878
0.003516137
0.003988454
0.003621097
0.003358699
0.003883495
0.0030963
0.001941748
0.002991341
0.007294673
0.007294673
0.000577276
-0.003358699
-0.000104959
-0.002361585
-0.001259512
0.003253739
0.001679349
0.005143007
0.011755445
0.007714511
0.005772763
0.015901338
0.020991866
0.012752558
0.002991341
0.00157439
0.005195487
0.002886382
-0.007609551
-0.010810811
-0.007189714
0.001679349
0.004828129
0.002099187
0.003883495
0.002309105
0.007452112
0.017003411
0.011073209
0.005510365
-0.002833902
-0.018840199
-0.002204146
0.019732354
0.013224875
0.003043821
0.001679349
-0.000104959
-0.002571504
-0.00787195
-0.018367882
-0.022093939
-0.004775649
0.007714511
0.008711624
0.005038048
-0.001889268
0.001731829
0.011073209
0.014326948
0.012280241
0.011020729
0.005982682
-0.003726056
-0.004880609
-0.001994227
0.002151666
0.011650485
0.002099187
-0.018945159
-0.025872474
-0.018315403
-0.00939386
0.003883495
0.007609551
0.006664917
0.01091577
0.017318289
0.022251378
0.021464183
0.017370769
0.005143007
-0.014589347
-0.022513776
-0.018210443
-0.007242194
0.003306219
0.011335607
0.013277355
-0.000367358
-0.011230648
-0.013592233
-0.022828654
-0.022986093
-0.013172396
-0.002623983
0.00314878
0.00157439
-0.001416951
-0.003726056
0.00157439
0.012175282
0.017055891
0.013382314
-0.00461821
-0.020781947
-0.014169509
0.000839675
0.009918657
0.001049593
-0.007452112
0.003516137
0.017318289
0.023196012
0.021359223
0.009131462
-0.0061926
-0.011283128
-0.003043821
0.000944634
-0.004513251
-0.008816584
-0.009603779
-0.003988454
-0.003673576
-0.013644713
-0.021988979
-0.023563369
-0.014641826
-0.006402519
-0.010390973
-0.02340593
-0.039202309
-0.034269221
-0.008501706
0.007609551
0.016950932
0.013697192
0.009866177
0.017265809
0.020519549
0.01406455
0.007032275
0.000419837
0.003883495
0.014956704
0.019942272
0.012227762
-0.004513251
-0.016793493
-0.003935975
0.012385201
0.00461821
-0.013067436
-0.009971136
0.008029389
0.012857518
0.002519024
-0.013644713
-0.019469955
-0.006822356
0.00776699
0.003935975
-0.013907111
-0.031802676
-0.030910522
-0.012122802
0.002571504
0.000682236
-0.008711624
0.008501706
0.029493571
0.011650485
-0.03285227
-0.045499869
-0.030543165
-0.016950932
-0.00461821
0.004775649
0.017580687
0.02492784
0.02818158
0.036158489
0.033796904
0.017475728
0.002781422
-0.002623983
0.009761218
0.01086329
-0.003463658
-0.009498819
-0.021516662
-0.013644713
0.015901338
0.031960115
0.0343217
0.02188402
0.007452112
0.008186828
0.008396746
-0.006559958
-0.025924954
-0.027971661
-0.01096825
-0.008134348
0.00472317
0.030438205
0.029441092
0.01096825
-0.004460771
-0.019679874
-0.026449751
-0.019050118
-0.016583574
-0.020624508
-0.016006298
-0.008134348
-0.005352926
-0.003935975
0.001207032
0.016268696
0.025190239
0.008186828
-5.25E-05
0.005457885
-0.001154553
0.0061926
0.024403044
0.026344791
0.024508003
0.024455523
0.019522435
0.015796379
0.004880609
-0.00939386
-0.011440567
-0.006979795
-0.012017843
-0.017528208
-0.002991341
0.012909997
0.019679874
0.021254264
0.007714511
-0.004460771
0.005457885
0.012070323
0.0030963
-0.005457885
-0.009603779
-0.008239307
-0.009971136
-0.020939386
-0.015481501
0.014484387
0.021096825
-0.004303332
-0.025557596
-0.020624508
-0.018525321
-0.015953818
-0.016741013
-0.027709263
-0.018472842
-0.007714511
-0.008764104
-0.011125689
0.003726056
0.031067961
0.050800315
0.043872999
0.02188402
0.005090527
-0.008239307
-0.014221989
-0.004355812
0.01569142
0.026449751
0.018892679
0.009183941
0.020572028
0.021569142
0.016321176
0.004933088
-0.009498819
-0.009866177
-0.006664917
-0.008186828
-0.012647599
-0.018892679
-0.022041459
-0.015429021
0.001154553
0.021674101
0.029808449
0.018105484
-0.000734715
-0.02188402
-0.031120441
-0.018262923
0.000682236
0.006559958
-0.003516137
-0.011178168
-0.009026502
-0.014694306
-0.023878247
-0.008396746
0.012752558
0.022303857
0.026817108
0.023930727
0.011807924
-0.000892154
0.007189714
0.020572028
0.009026502
-0.011125689
-0.02498032
-0.035476253
-0.031592758
-0.025715035
-0.032484912
-0.028339019
-0.000944634
0.001154553
-0.01558646
-0.019942272
-0.015848859
-0.007609551
-0.006612438
-0.00472317
-0.005615324
-0.003411178
0.014904225
0.021359223
0.012857518
0.017055891
0.000629756
-0.020834427
-0.024770401
-0.016741013
-0.017528208
-0.023196012
-0.017055891
-0.009603779
-0.014641826
-0.011283128
-0.007399633
-0.011860404
-0.005510365
0.008974023
0.01569142
0.000472317
-0.018262923
-0.021674101
-0.007137234
0.011230648
0.014694306
0.001784309
-0.007976909
-0.009236421
-0.000262398
0.005720283
0.006874836
0.004250853
-0.003778536
-0.00624508
-0.007504592
-0.016793493
-0.021149305
-0.016163737
-0.003883495
0.011912884
0.031487798
0.041773813
0.027341905
0.003935975
-0.007347153
-0.012909997
-0.011388087
-0.010495933
-0.016058777
-0.011807924
0.00624508
0.012857518
0.018525321
0.02183154
0.023091052
0.026659669
0.01716085
0.001679349
-0.0030963
-0.007557072
-0.017528208
-0.025819995
-0.029860929
-0.023300971
-0.000419837
0.015743899
0.011073209
-0.003621097
-0.015271582
-0.004775649
0.013014957
0.021464183
0.018210443
0.014274469
0.040461821
0.036998163
0.027604303
0.03752296
0.048753608
0.053214379
0.029913409
0.005615324
-0.001679349
-0.014536867
-0.019155077
-0.013539753
-0.007294673
0.005720283
0.018472842
0.028811336
0.036945684
0.036578326
0.021096825
0.003306219
-0.002361585
0.003463658
-0.006140121
-0.014536867
0.012909997
0.04534243
0.06722645
0.064654946
0.027551824
0.009288901
0.008606665
0.022828654
0.049383364
0.078981895
0.112831278
0.151771189
0.180530045
0.187772238
0.099291525
-0.042770926
-0.165205983
-0.261821044
-0.255680924
-0.166255576
-0.069010758
0.005038048
0.022041459
0.005352926
-0.005877722
0.002938861
0.031120441
0.062293361
0.070952506
0.058252427
0.055943322
0.048596169
0.041091577
0.054159013
0.040251902
0.035686172
0.029283653
-0.028443978
-0.089582787
-0.143007085
-0.190868538
-0.224350564
-0.225819995
-0.205510365
-0.143164524
-0.055261086
0.015271582
0.061191288
0.036473367
-0.033796904
-0.089582787
-0.08286539
0.000629756
0.067961165
0.089845185
0.063500394
0.013697192
-0.014694306
-0.003463658
0.012700079
0.034269221
0.024822881
-0.046549462
-0.096247704
-0.087221202
-0.035423773
0.056992915
0.102650223
0.077617423
0.047966413
0.044187877
0.062765678
0.069430596
0.021674101
-0.063657833
-0.096037785
-0.057360273
-0.024508003
-0.023720808
-0.065337182
-0.132353713
-0.169404356
-0.14536867
-0.094568355
-0.051482551
0.013854631
0.068066124
0.089477827
0.074101286
0.055785883
0.038887431
0.005772763
-0.036735765
-0.048753608
-0.021988979
0.011598006
0.044397796
0.081710837
0.105221727
0.094148517
0.032274993
-0.044187877
-0.112936237
-0.148779848
-0.092574128
-0.006769877
0.084754658
0.13749672
0.128785096
0.155129887
0.183206507
0.157596431
0.090055104
0.049330884
0.048018893
0.069325636
0.100551036
0.099763842
0.015533981
-0.096300184
-0.167672527
-0.167305169
-0.072841774
0.0655471
0.143269483
0.16562582
0.095198111
-0.024298084
-0.12810286
-0.245552348
-0.313093676
-0.254001574
-0.150616636
-0.066229336
0.045657308
0.107268433
0.078299659
0.04534243
0.040094463
0.089582787
0.139333508
0.15308318
0.148622409
0.10307006
0.025715035
-0.047021779
-0.100393597
-0.110049856
-0.079401732
-0.07032275
-0.066859092
-0.046654421
-0.020204671
-0.005457885
-0.035633692
-0.100393597
-0.158383626
-0.189451588
-0.139438468
-0.029178693
0.0781947
0.146208344
0.162162162
0.165048544
0.200944634
0.201311992
0.117974285
0.034164261
-0.015901338
-0.036788245
-0.027866702
-0.007084755
0.015429021
0.032065075
0.049488323
0.073104172
0.074626082
0.024245605
-0.038939911
-0.051272632
-0.040094463
-0.045080031
-0.065074784
-0.077250066
-0.020099711
0.089687746
0.168512202
0.161637366
0.098871687
0.020414589
-0.0655471
-0.146575702
-0.179427972
-0.165101023
-0.122592495
-0.080136447
-0.014904225
0.076830228
0.163474154
0.192967725
0.120755707
-0.00314878
-0.073943847
-0.124849121
-0.135187615
-0.119286277
-0.07189714
0.000524797
0.064445028
0.105431645
0.120178431
0.094148517
0.068066124
0.050118079
0.009551299
0.011598006
0.03589609
0.023353451
-0.002938861
-0.032957229
-0.030700604
0.036735765
0.070952506
0.06869588
0.039569667
-0.042403569
-0.087221202
-0.097874574
-0.088060876
-0.076725269
-0.081133561
-0.043453162
-0.020939386
-0.026344791
-0.009183941
0.063237995
0.142429808
0.14998688
0.105536605
0.089372868
0.1156127
0.13277355
0.0936762
-0.006454999
-0.106691157
-0.142534768
-0.158698504
-0.180530045
-0.191603254
-0.177276305
-0.141222776
-0.078876935
-0.014169509
0.031855156
0.081920756
0.118604041
0.058409866
-0.042456048
-0.103962215
-0.16090265
-0.194174757
-0.19375492
-0.181159801
-0.151456311
-0.07037523
0.019469955
0.069115718
0.02655471
-0.055261086
-0.072579375
0.000629756
0.05778011
0.07027027
0.048753608
-0.023825768
-0.093098924
-0.101023353
-0.063395434
-0.017685647
-0.023300971
-0.056468119
-0.096037785
-0.106428759
-0.069850433
0.020152191
0.150249278
0.27662031
0.310837051
0.299868801
0.307320913
0.292941485
0.228496458
0.161165049
0.11256888
0.059826817
0.018577801
-0.015219103
-0.067751246
-0.095565468
-0.072107059
-0.01563894
0.022408817
0.02188402
0.022146418
0.026187352
-0.006769877
-0.074626082
-0.094515875
-0.04849121
-0.006769877
0.053739176
0.138651273
0.12033587
0.01254264
-0.051220152
-0.046024665
0.02660719
0.072841774
0.130989242
0.124849121
0.004513251
-0.085594332
-0.104224613
-0.039779585
0.01411703
0.003778536
-0.037418001
-0.090055104
-0.131146681
-0.167410129
-0.182471792
-0.139805825
0.004933088
0.175754395
0.190238782
0.052112306
-0.055890842
-0.144581475
-0.166937812
-0.165415901
-0.149042246
-0.093991078
-0.010705851
-0.001679349
-0.112936237
-0.184203621
-0.153870375
-0.110207295
-0.090212543
-0.035003936
0.052007347
0.126475991
0.132930989
0.078247179
0.090737339
0.083022829
0.039569667
0.004303332
-0.021726581
-0.013802152
0.033901863
0.07032275
0.058672264
0.02965101
-0.00472317
-0.063657833
-0.084649698
0.018630281
0.111729205
0.131514038
0.131933876
0.112778798
0.077407505
0.017895565
0.003568617
0.064287589
0.101233272
0.069797953
-0.010338494
-0.091681973
-0.16252952
-0.165048544
-0.090527421
-0.011283128
0.029388612
0.04219365
0.016006298
-0.008869063
-0.019784833
-0.02025715
-0.014221989
0.005038048
0.052164786
0.152663343
0.244975072
0.21716085
0.095198111
-0.035318814
-0.167987405
-0.172763054
-0.07966413
0.014746786
0.039989504
0.011388087
-0.047913933
-0.058409866
-0.021674101
-0.029860929
-0.062398321
-0.036788245
0.019050118
0.016688533
-0.025767515
-0.06087641
-0.076987667
-0.071372343
-0.01716085
0.055733403
0.117344529
0.158593545
0.175964314
0.161899764
0.117816846
0.079191813
0.081658357
0.080661244
0.066386775
0.086643925
0.105484125
0.111991603
0.120703227
0.049278405
-0.064602467
-0.154552611
-0.194122278
-0.199212805
-0.154027814
-0.066281816
0.01401207
0.020414589
-0.069955392
-0.184466019
-0.246287064
-0.289792705
-0.315087903
-0.312096563
-0.224770401
-0.040881658
0.095198111
0.090160063
0.036525846
0.012647599
0.026817108
0.080188927
0.138336395
0.182209394
0.175544477
0.124219365
0.029073734
-0.058724744
-0.111676725
-0.078771976
-0.017265809
0.027079507
0.075728155
0.13901863
0.180949882
0.179795329
0.124114406
0.056153241
0.016426135
-0.022723695
-0.088900551
-0.127158226
-0.144319076
-0.176436631
-0.180110207
-0.071319864
0.064864865
0.125846235
0.191550774
0.210495933
0.210128575
0.231382839
0.240934138
0.193597481
0.075413277
0.006664917
-0.003043821
-0.035318814
-0.050118079
-0.038205195
-0.007137234
0.030648124
0.042456048
0.00787195
-0.0312254
-0.073996326
-0.108580425
-0.126371031
-0.12505904
-0.121070585
-0.121123065
-0.09068486
-0.028024141
-0.017633167
-0.056730517
-0.079191813
-0.056048281
0.000262398
0.050537917
0.04214117
-0.014589347
-0.064445028
-0.116662293
-0.137339281
-0.115927578
-0.079769089
-0.033534505
-0.019994752
-0.037680399
-0.043977959
-0.003411178
0.076725269
0.159485699
0.153607977
0.013382314
-0.105379166
-0.151981107
-0.119076358
-0.018472842
0.04691682
0.047494096
0.038047756
0.053266859
0.104591971
0.159853057
0.185463133
0.155287326
0.044712674
-0.017738126
-0.017790606
-0.024193125
-0.054526371
-0.113933351
-0.154132774
-0.158855943
-0.12337969
-0.077145106
-0.041196536
-0.07336657
-0.154447652
-0.201154553
-0.160587772
-0.057045395
0.043138284
0.103384938
0.085646812
0.052742062
0.044817633
0.104119654
0.135450013
0.134033062
0.119286277
0.074468643
0.06880084
0.137601679
0.177486224
0.130674364
0.060456573
0.003673576
-0.086696405
-0.084859617
0.003988454
0.024455523
-0.027131986
-0.122592495
-0.227027027
-0.26880084
-0.220572028
-0.135030176
-0.067331409
-0.014536867
-0.026082393
-0.04056678
0.049120966
0.205930202
0.311046969
0.280818683
0.132563632
0.007714511
-0.007452112
0.037732879
0.031487798
-0.028601417
-0.072579375
-0.116242456
-0.104854369
-0.035318814
0.108108108
0.263972711
0.18441354
0.001102073
-0.054106534
-0.074731042
-0.058252427
-0.037260562
-0.061821044
-0.052112306
0.067541328
0.216058777
0.23274731
0.207084755
0.191918132
0.152925741
0.095198111
0.047704015
-0.049593283
-0.155024928
-0.197008659
-0.153817896
-0.077827342
-0.004933088
0.048543689
0.089687746
0.158750984
0.237732879
0.248648649
0.14221989
0.000629756
-0.135450013
-0.196011546
-0.131146681
-0.076147993
-0.086591446
-0.151771189
-0.201941748
-0.20461821
-0.137916557
-0.042508528
0.022513776
0.059092102
0.061821044
0.025452637
-0.030070848
-0.094883233
-0.152820782
-0.222146418
-0.259616898
-0.213592233
-0.125216479
-0.047861454
0.018315403
0.02970349
-0.022251378
-0.041931252
0.002623983
0.074416164
0.138598793
0.131146681
0.068066124
0.044345316
0.052374705
0.038310155
0.000944634
-0.02036211
-0.027394385
-0.03757544
-0.036683285
-0.013644713
0.072789294
0.098294411
-0.002991341
-0.089215429
-0.077197586
-0.025190239
0.035791131
0.080818683
0.102702703
0.172500656
0.218315403
0.162634479
0.044397796
-0.031015482
0.015533981
0.131986355
0.123222251
0.024875361
-0.052112306
-0.14211493
-0.192337969
-0.117711887
-0.031907636
0.067331409
0.152243506
0.105851483
0.029388612
0.105851483
0.184833377
0.163526633
0.110364734
0.019732354
-0.076462871
-0.148674888
-0.143636841
-0.042718447
0.036840724
0.001154553
-0.025610076
-0.005300446
-0.01868276
-0.037260562
-0.06098137
-0.067908685
-0.043348203
-0.020152191
-0.048123852
-0.051377591
-0.009918657
0.038887431
0.088218315
0.097402257
0.069220677
-0.00781947
-0.075203359
-0.034898977
-0.010286014
-0.099658882
-0.145158751
-0.160797691
-0.143374442
-0.146470743
-0.179847809
-0.214431908
-0.224612962
-0.173287851
-0.056992915
0.073838887
0.138651273
0.082078195
0.009236421
-0.054526371
-0.068853319
-0.011230648
0.053476778
0.09225925
0.085331934
0.007924429
-0.004093414
0.069902913
0.134977696
0.158121228
0.154867489
0.144686434
0.103857255
0.050118079
0.078037261
0.121962739
0.113670953
0.072316977
0.007032275
-0.073838887
-0.063447914
-0.00461821
-0.015901338
-0.024403044
-0.005352926
0.030438205
0.062660719
0.035581212
-0.032379953
-0.058672264
-0.014169509
0.022041459
-0.035633692
-0.089635266
-0.056887956
-0.003358699
0.009813697
0.007662031
0.002361585
-0.001259512
-0.005405405
-0.019889793
-0.061768565
-0.096457623
-0.069588035
0.036683285
0.117816846
0.101863028
0.098924167
0.147992653
0.161165049
0.128575177
0.039307268
-0.054316452
-0.034269221
-0.026449751
-0.152820782
-0.189661506
-0.163946471
-0.150774075
-0.089687746
-0.013854631
0.041563894
0.083495146
0.088060876
0.025767515
-0.055208607
-0.1156127
-0.116767253
-0.10936762
-0.08601417
-0.05783259
-0.018997638
0.084964576
0.217685647
0.250537917
0.205877722
0.133823144
0.043505642
-0.051692469
-0.17024403
-0.222198898
-0.198950407
-0.147730255
-0.048228811
0.05463133
0.074521123
0.019207557
0.017370769
0.122172658
0.168197324
0.139963264
0.042613487
-0.029231173
-0.058094988
-0.123904487
-0.166255576
-0.159800577
-0.11876148
-0.0655471
-0.005562844
0.045080031
0.073156652
0.050223039
-0.035003936
-0.076252952
-0.075885594
-0.109682498
-0.112673839
-0.092574128
-0.056782997
-0.004985568
0.045919706
0.105169247
0.157019155
0.136762005
0.07184466
0.015953818
-0.0500656
-0.111571766
-0.126843348
-0.107163474
-0.063133036
-0.00320126
0.080923642
0.160640252
0.22660719
0.300288638
0.26869588
0.080031488
0.004880609
-0.020676988
-0.086958803
-0.073156652
-0.036263448
0.006979795
0.075885594
0.109997376
0.074048806
0.048176332
0.075728155
0.084544739
0.020834427
-0.049593283
-0.120178431
-0.179585411
-0.161899764
-0.075990554
0.050537917
0.210810811
0.289897665
0.235843611
0.155549724
0.087378641
0.077984781
0.149567043
0.13597481
0.073943847
0.013487274
-0.066754133
-0.152925741
-0.191918132
-0.169089478
-0.153503018
-0.162949357
-0.182944109
-0.169036998
-0.093203883
-0.001469431
0.072316977
0.091891892
0.00624508
-0.139963264
-0.188244555
-0.178903175
-0.167567568
-0.155759643
-0.153450538
-0.10627132
-0.009236421
0.109157701
0.28276043
0.377381265
0.333665705
0.31088953
0.272421936
0.202938861
0.126371031
-0.098084492
-0.32663343
-0.411073209
-0.377591183
-0.246706901
-0.106113881
-0.039937024
-0.029441092
0.042613487
0.1218053
0.144004198
0.141012858
0.099448964
0.035476253
-0.042403569
-0.173707688
-0.302702703
-0.340435581
-0.231487798
-0.019364996
0.150249278
0.204880609
0.254946208
0.378535817
0.396273944
0.282445552
0.193072684
0.141012858
0.102755182
0.072946733
0.033272107
-0.01873524
-0.176961427
-0.317397009
-0.270480189
-0.172710575
-0.176174232
-0.248543689
-0.282235634
-0.323064812
-0.309682498
-0.202466544
-0.078981895
0.0061926
0.094410916
0.167882446
0.193440042
0.213487274
0.079401732
-0.127158226
-0.130254526
0.095670428
0.212175282
0.114353188
-0.070900026
-0.013329835
0.144056678
0.247756494
0.228391498
0.148307531
0.058672264
-0.09687746
-0.221779061
-0.251797428
-0.228653897
-0.181369719
-0.165783259
-0.294253477
-0.427866702
-0.313093676
0.002676463
0.249645762
0.352243506
0.275518237
0.198058252
0.139595907
0.21868276
0.414326948
0.573602729
0.46712149
0.075518237
-0.305641564
-0.517344529
-0.580530045
-0.594699554
-0.566150617
-0.236998163
0.378378378
0.663762792
0.558750984
0.242403569
-0.09525059
-0.196064025
-0.122225138
-0.074153765
0.008711624
0.088270795
0.147048019
0.119128838
0.071214904
0.09372868
0.063815272
-0.086801364
-0.17029651
-0.164628706
-0.129834689
-0.084912097
-0.022198898
0.060351614
0.127368145
0.209866177
0.290527421
0.300655996
0.190816059
0.024455523
-0.168407242
-0.270060352
-0.153240619
0.044450276
0.079559171
0.024455523
-0.02340593
-0.027079507
0.05620572
0.179900289
0.187037523
0.141537654
0.153450538
0.129519811
-0.006664917
-0.075203359
-0.069483075
-0.021569142
0.03904487
0.067016531
0.121123065
0.213172396
0.2843873
0.314143269
0.212385201
-0.02650223
-0.247651535
-0.316189976
-0.219102598
-0.0562582
0.026029913
0.017738126
0.02340593
0.14846497
0.257517712
0.144948832
-0.033167148
-0.058882183
-0.042928365
-0.048806088
-0.154290213
-0.363474154
-0.507373393
-0.488638153
-0.329519811
-0.137706639
-0.138913671
-0.254473891
-0.393649961
-0.369351876
-0.182576752
-0.006454999
0.051692469
0.035371294
0.038572553
0.039832065
0.05310942
0.132458672
0.165940698
-0.014379428
-0.223878247
-0.366937812
-0.37816846
-0.130411965
0.14368932
0.384466019
0.422356337
0.316872212
0.183783784
0.007084755
-0.141485174
-0.208134348
-0.163106796
-0.036840724
-0.012595119
0.038310155
0.129887169
0.198950407
0.274678562
0.244922592
0.046706901
-0.222566256
-0.430910522
-0.477197586
-0.475990554
-0.49682498
-0.495093151
-0.347940173
-0.097612175
0.215429021
0.533088428
0.720545789
0.93434794
1
0.845027552
0.633586985
0.462135922
0.292574128
0.132458672
0.020991866
-0.115350302
-0.306586198
-0.410076096
-0.372343217
-0.301338231
-0.217843086
-0.149304644
-0.06402519
-0.063080556
-0.167672527
-0.146470743
-0.052794542
-0.017685647
-0.166570454
-0.329309892
-0.425872474
-0.4843873
-0.362844398
-0.14536867
0.086906324
0.119863553
-0.059826817
-0.168407242
-0.142744686
-0.084964576
0.00939386
0.080661244
0.183731304
0.314195749
0.399685122
0.452584623
0.424035686
0.273524009
0.129414852
0.057412753
0.001207032
-0.026922068
-0.022146418
-0.013119916
0.021044345
0.070952506
0.077355025
0.041773813
0.044765154
0.059616898
0.021306744
-0.023353451
0.000314878
-0.065494621
-0.17349777
-0.147048019
-0.001784309
0.088953031
0.209288901
0.346470743
0.336814484
0.106638678
-0.110522173
-0.205510365
-0.137864078
0.017475728
0.114720546
0.126790869
0.017003411
-0.105484125
-0.119968512
-0.117344529
-0.01563894
0.184990816
0.228496458
0.075675676
-0.061926004
-0.108842823
-0.158016269
-0.180425085
-0.128995014
-0.049855681
-0.037995277
-0.011755445
0.022041459
0.063290475
0.103489898
0.158960903
0.169981632
0.060718971
-0.047126738
-0.042508528
0.059879297
0.220624508
0.398163212
0.439149829
0.264864865
0.025242718
-0.263290475
-0.591813172
-0.664654946
-0.533403306
-0.291734453
-0.081448439
0.120860666
0.301653109
0.214221989
0.096772501
-0.033901863
-0.174547363
-0.166990291
-0.130621884
-0.268328523
-0.347257938
-0.386880084
-0.308003149
-0.081920756
0.184046182
0.436158489
0.682445552
0.74379428
0.610181055
0.301023353
-0.086381527
-0.272736814
-0.369456835
-0.38126476
-0.25930202
-0.155182367
-0.087326161
0.030385726
0.177013907
0.321542902
0.33744424
0.195119391
-0.063605353
-0.227341905
-0.204775649
-0.182419313
-0.230910522
-0.294778273
-0.269168197
-0.096982419
-0.005143007
0.048701128
0.177958541
0.284072422
0.252374705
0.141695093
0.088480714
0.033377066
-0.000682236
-0.107478352
-0.290737339
-0.418053004
-0.355969562
-0.168932039
0.002361585
0.118079244
0.138703752
0.000839675
-0.250485437
-0.399895041
-0.298084492
-0.135030176
-0.111519286
-0.244660194
-0.340435581
-0.307006035
-0.078457098
0.154185253
0.243663081
0.175334558
0.092836526
0.043872999
0.049016006
0.050275518
0.038625033
0.02340593
0.027341905
0.07341905
0.116399895
0.140907898
0.104906849
0.011283128
-0.130831803
-0.253476778
-0.252217266
-0.205143007
-0.166413015
-0.063080556
0.076095513
0.18436106
0.243295723
0.15932826
0.125951194
0.207662031
0.30154815
0.377906061
0.348045133
0.159590659
-0.080503805
-0.328575177
-0.429231173
-0.260666492
0.142902125
0.3749672
0.343846759
0.28596169
0.308895303
0.321595382
0.237365521
0.102282865
-0.033534505
-0.154185253
-0.168144844
-0.101128313
-0.009236421
0.037890318
0.064340068
0.10621884
0.175544477
0.248648649
0.229493571
0.081920756
-0.063815272
-0.059616898
-0.060614012
-0.075203359
-0.043348203
0.001259512
-0.016741013
-0.044187877
-0.009708738
0.013749672
-0.000787195
-0.037260562
-0.073838887
-0.039149829
-0.025452637
-0.037785358
-0.043190764
-0.13749672
-0.251902388
-0.241039097
-0.121332983
-0.07499344
-0.052742062
0.044292837
0.15156127
0.211335607
0.232904749
0.22030963
0.181107321
0.09220677
-0.043977959
-0.095198111
-0.03127788
-0.032694831
-0.063133036
-0.179113094
-0.31246392
-0.274206245
0.027131986
0.39218053
0.561112569
0.613539753
0.420939386
0.121385463
-0.005300446
-0.000104959
-0.012805038
-0.119496195
-0.320493309
-0.56557334
-0.660036736
-0.558121228
-0.289320388
-0.002886382
0.128522697
0.182314353
0.261138809
0.350931514
0.507583311
0.604933088
0.524796641
0.211912884
-0.066019417
-0.113303595
-0.033586985
0.003358699
-0.05001312
-0.018577801
-0.109787457
-0.256782997
-0.389818945
-0.442351089
-0.364628706
-0.193125164
-0.007452112
0.115035424
0.06722645
-0.089425348
-0.151876148
-0.133875623
-0.108160588
-0.14531619
-0.175649436
-0.222041459
-0.228758856
-0.164628706
-0.168984518
-0.212857518
-0.066964051
0.123747048
0.169089478
0.184833377
0.140225663
0.061821044
-0.071057465
-0.216006298
-0.236630806
-0.11723957
0.017055891
0.151456311
0.349776961
0.439884545
0.346365783
0.312831278
0.265442141
0.202099187
0.202833902
0.059931776
-0.180687484
-0.248753608
-0.153817896
-0.041406455
-0.021674101
-0.01868276
0.037732879
0.198950407
0.324639202
0.426029913
0.417633167
0.160640252
-0.141012858
-0.219837313
-0.250800315
-0.341642613
-0.530569404
-0.657412753
-0.581789557
-0.332458672
0.02965101
0.249278405
0.212962477
-0.00472317
-0.253791656
-0.332353713
-0.117921805
0.284229861
0.487168722
0.379532931
0.084702178
-0.173182892
-0.224508003
-0.073786408
-0.003306219
-0.078457098
-0.213277355
-0.276462871
-0.224035686
-0.077774862
0.004093414
0.061978483
0.196588822
0.227394385
0.061453687
-0.080188927
-0.125268958
-0.000734715
0.165940698
0.217580687
0.129834689
-0.021779061
-0.131356599
-0.138388874
-0.020152191
0.102440304
0.184885857
0.10779323
-0.070112831
-0.195171871
-0.328575177
-0.327630543
0.062608239
0.546050905
0.54221989
0.372500656
0.206664917
0.012595119
-0.088375754
0.013172396
0.079926528
-0.053319339
-0.195644188
-0.348674888
-0.497402257
-0.637260562
-0.64376804
-0.460194175
-0.002414065
0.411545526
0.501653109
0.412962477
0.440041984
0.459564419
0.180110207
-0.190868538
-0.393230123
-0.451167673
-0.391183416
-0.296090265
-0.248018893
-0.133245867
0.039674626
0.181159801
0.556861716
0.817948045
0.700131199
0.480713723
0.224245605
0.097822094
0.083862503
0.040304382
0.025662556
-0.013014957
0.008344267
-0.069010758
-0.21411703
-0.234846497
-0.116714773
-0.055471005
-0.127368145
-0.220939386
-0.29997376
-0.178903175
0.163369194
0.454841249
0.591078457
0.526003674
0.325111519
0.011493046
-0.249698242
-0.439149829
-0.600262398
-0.534925216
-0.306743637
-0.053529257
0.276672789
0.573602729
0.692679087
0.597638415
0.239622146
-0.003043821
-0.225400157
-0.358331147
-0.10627132
0.249488323
0.397008659
0.454159013
0.503384938
0.268013645
-0.127683023
-0.357596431
-0.347415377
-0.162634479
0.050118079
0.077092627
-0.149462083
-0.229808449
-0.124429284
-0.077355025
-0.090422461
-0.127000787
-0.16095513
-0.126475991
-0.075308318
0.02340593
0.203831015
0.350774075
0.406454999
0.404513251
0.249278405
-0.059144581
-0.336132249
-0.430963002
-0.201102073
0.185253214
0.319811073
0.271739701
0.236945684
0.075308318
-0.075780635
-0.026869588
0.094410916
0.080871162
0.036315928
0.011440567
-0.102860142
-0.283914983
-0.38126476
-0.397166098
-0.39532931
-0.333035949
-0.269850433
-0.294935712
-0.299553923
-0.21569142
-0.149619522
-0.243872999
-0.332983469
-0.344791393
-0.277512464
-0.126266072
0.062188402
0.228601417
0.226764629
0.182314353
0.172028339
0.204093414
0.397585935
0.577958541
0.468223563
0.123169772
-0.179480451
-0.380057728
-0.461663605
-0.500551036
-0.546523222
-0.526895828
-0.329782209
0.016321176
0.251482551
0.328837575
0.280713723
0.0281291
-0.261768565
-0.504172133
-0.603306219
-0.450327998
-0.101180792
0.008869063
0.088270795
0.351771189
0.572920493
0.637942797
0.611440567
0.335659932
0.06874836
-0.207557072
-0.359013382
-0.255733403
-0.219627394
-0.149252165
-0.007714511
0.110732091
0.205825243
0.25783259
0.27347153
0.159905537
-0.018315403
-0.194594595
-0.178011021
-0.030648124
-0.043925479
-0.097874574
-0.068381002
-0.003253739
0.087588559
0.132616111
0.076987667
0.038152716
0.049488323
0.075885594
0.022723695
-0.109997376
-0.111046969
-0.071057465
-0.15623196
-0.199475203
-0.188087116
-0.179008134
-0.163474154
-0.034479139
0.176751509
0.370086591
0.397008659
0.187090003
-0.076462871
-0.180372606
-0.071792181
-0.037208082
-0.139438468
-0.15308318
-0.129152453
-0.013434794
0.101863028
0.21254264
0.281081081
0.297349777
0.298766728
0.299816321
0.276252952
0.197795854
0.130464445
0.086434007
0.068381002
-0.026817108
-0.226817108
-0.351246392
-0.399422724
-0.260404093
0.050380478
0.254368932
0.259774337
0.122435056
0.125583836
0.28905799
0.416688533
0.430595644
0.233429546
-0.074731042
-0.125426397
-0.084859617
0.037050643
0.05463133
-0.104277093
-0.213434794
-0.281028601
-0.236473367
-0.030018368
0.17034899
0.287798478
0.264812385
0.201784309
0.093361322
-0.03752296
-0.054054054
0.037732879
0.081920756
0.076043033
0.116085017
0.117659407
0.040776699
0.07808974
0.188506954
0.226134873
0.182576752
0.079506691
-0.083022829
-0.191025977
-0.222146418
-0.211440567
-0.166570454
-0.13287851
-0.141695093
-0.190186303
-0.273314091
-0.359695618
-0.255418525
0.053896615
0.201207032
0.205720283
0.150406717
0.075465757
0.118918919
0.223773288
0.242980845
0.178273419
0.167410129
0.209026502
0.172028339
0.055995802
0.022828654
0.042561008
-0.039412228
-0.18121228
-0.329414852
-0.457307793
-0.399422724
-0.192390449
-0.09525059
-0.180162687
-0.294778273
-0.338756232
-0.338966151
-0.305851483
-0.26874836
-0.202256626
-0.10621884
-0.02183154
0.001049593
-0.029493571
-0.003831015
0.079244293
0.144633954
0.144528995
0.142902125
0.150406717
0.135345054
0.086696405
0.018420362
-0.047336657
-0.11566518
-0.195854107
-0.240461821
-0.228653897
-0.196588822
-0.123117292
-0.054526371
-0.017580687
0.014484387
0.027971661
0.041039097
0.091419575
0.202781422
0.228916295
0.106061401
0.044135398
0.039517187
0.091681973
0.117029651
0.038782472
-0.102440304
-0.24681186
-0.297664655
-0.186565206
-0.052532144
0.061296248
0.069692994
-0.069588035
-0.138126476
-0.103017581
-0.028496458
0.041668853
0.116872212
0.189556547
0.308790344
0.378535817
0.304487011
0.145106271
0.007294673
-0.029178693
0.034269221
0.15313566
0.172710575
0.079559171
-0.043925479
-0.150983994
-0.230490685
-0.247808974
-0.171451063
-0.003306219
0.105589084
0.123274731
0.102860142
0.08123852
0.100446077
0.13749672
0.162319601
0.148779848
0.127892941
0.146628182
0.148832327
0.067383889
-0.02351089
-0.005510365
0.101758069
0.179270533
0.192023091
0.087273681
-0.056363159
-0.131618998
-0.109630018
0.040409341
0.280923642
0.442875886
0.40776699
0.213644713
0.019574915
-0.086906324
-0.178588297
-0.193859879
-0.163946471
-0.169456835
-0.205090527
-0.254316452
-0.361165049
-0.486224088
-0.575229599
-0.471792181
-0.213224875
-0.116137497
-0.139753346
-0.196956179
-0.242403569
-0.244870113
-0.240094463
-0.255366046
-0.301075833
-0.36410391
-0.400787195
-0.353712936
-0.207294673
0.061296248
0.243138284
0.326790869
0.445604828
0.476672789
0.413802152
0.323747048
0.24067174
0.154972448
0.093413802
0.058094988
0.024822881
-0.026922068
-0.081815796
-0.095460509
-0.075675676
-0.038257675
-0.008659145
-0.0281291
-0.136079769
-0.251272632
-0.337391761
-0.323327211
-0.168512202
-0.037155602
0.226922068
0.441196536
0.48443978
0.557543952
0.553450538
0.521280504
0.45463133
0.380162687
0.271792181
0.11723957
-0.073838887
-0.237103123
-0.354027814
-0.352768302
-0.015429021
0.385515613
0.463710312
0.54531619
0.552400945
0.346260824
0.130464445
0.023878247
0.003043821
-0.038729992
-0.205720283
-0.338388874
-0.341852532
-0.240199423
-0.109157701
0.127210706
0.250118079
0.341537654
0.456468119
0.424035686
0.264549987
0.112883758
-0.006350039
-0.096562582
-0.225977434
-0.27814222
-0.124271845
0.071424823
0.192915245
0.290107583
0.366937812
0.292311729
0.203726056
0.027709263
-0.201469431
-0.316609814
-0.480083967
-0.690842299
-0.77969037
-0.755024928
-0.685226975
-0.575177119
-0.421044345
-0.191288376
0.082917869
0.275570716
0.348622409
0.329992128
0.219207557
0.060718971
0.003988454
-0.05001312
-0.205825243
-0.383888743
-0.430333246
-0.419522435
-0.338598793
-0.188506954
-0.071319864
0.025347678
0.016058777
-0.048648649
-0.091314616
-0.111414327
-0.077145106
-0.014326948
-0.02188402
-0.101128313
-0.125846235
-0.055208607
0.051744949
0.144319076
0.26565206
0.31099449
0.234741538
0.193912359
0.210810811
0.208921543
0.15938074
0.06098137
-0.037418001
-0.094988192
-0.176069273
-0.237627919
-0.22498032
-0.154132774
-0.101705589
-0.116399895
-0.075728155
0.0281291
0.059984256
0.073838887
0.121962739
0.145526109
0.136552086
0.028653897
-0.125373918
-0.146575702
-0.046392023
0.069483075
0.175911834
0.202204146
0.222566256
0.238782472
0.197376017
0.201311992
0.162214642
0.038310155
-0.032274993
-0.008344267
0.05153503
0.059616898
0.065809499
0.043610601
-0.028443978
-0.109525059
-0.151088953
-0.137024403
-0.031907636
0.033901863
-0.022881134
-0.08905799
-0.128575177
-0.146365783
-0.134505379
0.010128575
0.236420887
0.313093676
0.219627394
0.019627394
-0.088323275
-0.159275781
-0.095670428
0.047231698
0.178693256
0.233482026
0.122540016
0.027394385
0.047756494
0.09687746
0.132038835
0.129204933
0.084807137
0.084072422
0.164156389
0.214641826
0.157019155
0.066911572
-0.053949095
-0.256573078
-0.365888218
-0.304434532
-0.173812648
-0.089162949
-0.108737864
-0.143636841
-0.109839937
-0.034111782
-0.013749672
-0.009971136
0.011388087
0.008239307
-0.003988454
0.036630806
0.097769614
0.141852532
0.17507216
0.14531619
0.089635266
0.015114143
-0.071214904
-0.103279979
-0.022776174
0.065232223
0.120860666
0.110522173
0.038100236
0.008186828
0.003831015
-0.044555235
-0.080713723
-0.072264498
-0.086801364
-0.144161637
-0.190816059
-0.196746261
-0.208606665
-0.174022566
-0.100551036
-0.028916295
0.038047756
0.048701128
-0.028443978
-0.121752821
-0.146575702
-0.077302545
0.00162687
0.035476253
0.035318814
0.01878772
0.032537392
0.11713461
0.17654159
0.096090265
-0.045762267
-0.115087903
-0.131828916
-0.087063763
0.005352926
0.103857255
0.134242981
0.157386513
0.180057728
0.171136185
0.184570979
0.224140645
0.188821832
0.125321438
0.053319339
-0.033429546
-0.119076358
-0.147257938
-0.150196799
-0.178693256
-0.172920493
-0.150721595
-0.03274731
0.107006035
0.117606927
0.063133036
-0.02660719
-0.085279454
-0.037890318
0.103857255
0.164891105
0.165940698
0.160850171
0.163946471
0.137129362
0.024245605
-0.090160063
-0.127892941
-0.192337969
-0.282707951
-0.304487011
-0.273209131
-0.227394385
-0.192023091
-0.173077932
-0.071477303
0.072212018
0.168249803
0.245080031
0.303647337
0.210233535
0.008081868
-0.07027027
-0.085751771
-0.086486486
-0.065861978
-0.035423773
0.031645237
0.112096563
0.151246392
0.134242981
0.103857255
0.109839937
0.063762792
-0.059197061
-0.12962477
-0.110469693
-0.102177906
-0.129309892
-0.113093676
-0.016950932
0.076252952
0.124796641
0.131671477
0.065127263
-0.023773288
-0.027446864
0.010495933
0.011283128
0.017108371
0.058934663
0.080083967
0.050327998
-0.023773288
-0.074363684
-0.036158489
0.054001574
0.070165311
0.017265809
-0.056415639
-0.130936762
-0.177066387
-0.12962477
-0.061611126
-0.078509578
-0.094568355
-0.008344267
0.136762005
0.260089215
0.311781685
0.318499082
0.274888481
0.177591183
0.095408029
-0.022776174
-0.089372868
-0.04523747
-0.042456048
-0.067856206
-0.100865914
-0.139438468
-0.169771713
-0.193649961
-0.206979795
-0.19060614
-0.13277355
-0.069325636
-0.029808449
-0.021988979
-0.008239307
-0.022828654
-0.081605878
-0.093308843
-0.091367095
-0.053686696
0.02965101
0.095827867
0.138493834
0.16557334
0.162057203
0.129992128
0.106166361
0.116662293
0.106796117
0.080923642
0.083127788
0.070742587
0.030805563
0.000209919
0.005982682
0.024035686
0.01411703
-0.008869063
-0.02036211
-0.021096825
-0.044450276
-0.136552086
-0.261138809
-0.347782734
-0.340278142
-0.26565206
-0.164996064
-0.080503805
-0.00776699
0.071582262
0.130989242
0.130411965
0.102702703
0.064654946
0.057675151
0.048071372
0.028811336
0.032432432
0.021674101
0.004828129
0.009761218
0.006087641
-0.030858043
-0.056573078
-0.022671215
0.017528208
0.05631068
0.073838887
0.061086329
0.039674626
-0.000997114
-0.108108108
-0.198950407
-0.179847809
-0.086696405
0.025767515
0.122382577
0.124901601
0.077407505
0.045080031
0.097244818
0.167882446
0.122487536
0.022618735
-0.023563369
0.018577801
0.062240882
0.086119129
0.121647861
0.141117817
0.12337969
0.057622671
-0.027184466
-0.112726319
-0.138861191
-0.081133561
0.008396746
0.076410391
0.081920756
0.031855156
0.001049593
0.017003411
0.013119916
-0.04534243
-0.080188927
-0.068590921
-0.019837313
0.009131462
0.018157964
0.03437418
0.044187877
0.058882183
0.083390186
0.092679087
0.077092627
0.050275518
0.024403044
0.00472317
0.010338494
0.03747048
0.063920231
0.073733928
0.052847022
0.048228811
0.066019417
0.054211493
0.005877722
-0.053214379
-0.12663343
-0.185463133
-0.220047232
-0.232170034
-0.233272107
-0.219522435
-0.160430333
-0.091734453
-0.022041459
0.083495146
0.147730255
0.146313304
0.118079244
0.098766728
0.054998688
-0.008711624
-0.050170559
-0.065494621
-0.103437418
-0.133088428
-0.147887694
-0.14059302
-0.07961165
0.010233535
0.075308318
0.113146156
0.074678562
-0.025977434
-0.109472579
-0.081553398
-0.001889268
0.00934138
-0.051167673
-0.085856731
-0.067908685
-0.025452637
0.016793493
0.04214117
0.035108895
0.058934663
0.121595382
0.131618998
0.080188927
0.032222514
0.016845972
0.008711624
0.003411178
-0.014221989
-0.044712674
-0.072894253
-0.096982419
-0.115717659
-0.114720546
-0.119653634
-0.106848596
-0.054788769
0.005090527
0.040146943
-0.01558646
-0.055733403
-0.038152716
-0.024193125
0.01249016
0.068905799
0.149094726
0.219364996
0.228968775
0.202099187
0.178430858
0.165310942
0.178588297
0.181999475
0.112096563
0.044450276
0.020467069
-0.024088166
-0.104854369
-0.139805825
-0.048911047
0.012175282
0.030543165
0.043453162
0.056782997
0.091314616
0.096667541
0.020886906
-0.070637628
-0.114510627
-0.121752821
-0.087116242
-0.021988979
0.044607715
0.105169247
0.151036473
0.146785621
0.049068486
-0.049173445
-0.113670953
-0.157334033
-0.131618998
-0.095145631
-0.099553923
-0.136394647
-0.094148517
-0.005247966
0.025819995
0.014431908
0.041668853
0.051377591
-0.003568617
-0.077932301
-0.086906324
-0.054893729
-0.032065075
-0.054893729
-0.080713723
-0.06407767
-0.026134873
-0.019364996
-0.028339019
-0.000944634
0.02188402
0.0030963
-0.03285227
-0.073261611
-0.089320388
-0.065494621
-0.000367358
0.068538441
0.110312254
0.091996851
0.01721333
-0.031855156
-0.048858567
-0.049750722
-0.038887431
-0.030910522
-0.017055891
-0.006035161
-0.001102073
0.003778536
-0.006559958
-0.015114143
-0.01721333
-0.020519549
-0.006087641
0.026974547
0.042718447
0.023143532
-0.007189714
-0.023563369
0.013644713
0.074258725
0.106586198
0.096037785
0.075780635
0.04528995
-0.001679349
-0.029126214
-0.010653372
0.030280766
0.052637103
0.038047756
-0.037680399
-0.07341905
-0.047756494
0.024717922
0.091944372
0.101285752
0.04371556
-0.013329835
-0.046287064
-0.0312254
0.017108371
0.033272107
0.022251378
0.056468119
0.091734453
0.082655471
0.050590396
0.010705851
-0.016478615
-0.019522435
-0.014851745
-0.014484387
-0.024350564
-0.036263448
-0.042036211
-0.031382839
-0.017265809
-0.004198373
0.008921543
0.022408817
0.031907636
0.022723695
0.002991341
0.00157439
0.025872474
0.064654946
0.086329047
0.089740226
0.071109945
0.057937549
0.072369457
0.108895303
0.11409079
0.064287589
0.002361585
-0.053476778
-0.119338756
-0.174389924
-0.160482813
-0.084492259
0.009918657
0.067278929
0.070112831
0.034164261
0.002309105
0.027184466
0.049540803
0.030123327
-0.027814222
-0.081553398
-0.093098924
-0.062765678
-0.008554185
0.033482026
0.053476778
0.053266859
0.028758856
-0.014589347
-0.053319339
-0.061926004
-0.067698767
-0.091996851
-0.100183679
-0.06087641
-0.012647599
-0.013434794
-0.019574915
0.001259512
0.017108371
0.011912884
-0.019627394
-0.067331409
-0.104014694
-0.083810024
-0.034164261
-0.024455523
-0.04219365
-0.055785883
-0.067593807
-0.064182629
-0.055995802
-0.048596169
-0.036053529
-0.04214117
-0.050485437
-0.045814747
-0.033639465
-0.007294673
0.014379428
0.011335607
0.000209919
-0.00157439
-0.012700079
-0.031120441
-0.04219365
-0.057045395
-0.066649173
-0.038782472
0.003988454
0.037732879
0.039727106
0.008711624
0.005038048
0.036525846
0.075098399
0.094620834
0.06559958
-0.006507478
-0.059511939
-0.049645762
-0.013959591
-0.005982682
-0.00781947
-0.023248491
-0.036210968
-0.016478615
0.031592758
0.041773813
0.013592233
0.006979795
0.032589871
0.066176856
0.091891892
0.107268433
0.080608764
0.04382052
0.015481501
-0.003621097
-0.014169509
-0.017108371
-0.009866177
0.006979795
0.02970349
0.054106534
0.056048281
0.031120441
0.013907111
0.05001312
0.092731567
0.077407505
0.032904749
-0.006717397
-0.021726581
-0.006822356
0.028496458
0.070060352
0.086906324
0.061663605
0.010705851
-0.008291787
0.030753083
0.077407505
0.08123852
0.032170034
-0.024350564
-0.046077145
-0.035633692
0.000419837
0.056782997
0.100341118
0.118394122
0.126790869
0.108108108
0.058409866
-0.001889268
-0.022461296
0.006035161
0.032012595
0.001731829
-0.048701128
-0.043610601
0.015429021
0.068013645
0.11718709
0.153870375
0.139385988
0.077827342
0.012595119
-0.041826292
-0.084964576
-0.107163474
-0.106533718
-0.12033587
-0.121437943
-0.080766203
-0.016688533
0.016268696
0.009078982
-0.021569142
-0.056940436
-0.090422461
-0.103647337
-0.078929415
-0.062660719
-0.077145106
-0.092101811
-0.081343479
-0.047966413
0.001311992
0.068538441
0.113618473
0.091472055
0.025924954
-0.030753083
-0.075308318
-0.079874049
-0.031120441
0.018630281
0.043138284
0.072212018
0.060036736
0.02660719
0.027131986
0.020572028
-0.015324062
-0.060718971
-0.085804251
-0.060561532
-0.023038573
-0.046654421
-0.09063238
-0.107688271
-0.088323275
-0.035161375
0.021621622
0.055103647
0.047494096
-0.012857518
-0.071529782
-0.086276568
-0.068381002
-0.040356862
-0.026449751
-0.021988979
-0.011230648
0.010390973
0.030385726
0.006822356
-0.056730517
-0.098556809
-0.131566518
-0.119758594
-0.075203359
-0.050485437
-0.028601417
-0.018997638
-0.031960115
-0.038782472
-0.011125689
0.016268696
0.013277355
-0.022041459
-0.040986618
-0.031330359
-0.006717397
0.008974023
0.003463658
0.016216216
0.054998688
0.075780635
0.063972711
0.026817108
-0.018262923
-0.029808449
0.009866177
0.038257675
0.028758856
0.00314878
-0.019994752
-0.038467594
-0.059144581
-0.081553398
-0.083442666
-0.063500394
-0.038887431
-0.015061664
0.005352926
0.007137234
-0.002886382
-0.000157439
0.022093939
0.055838363
0.073628969
0.044135398
0.008764104
0.023878247
0.066701653
0.071582262
0.01563894
-0.041931252
-0.01868276
0.054106534
0.121437943
0.125111519
0.071424823
0.038677512
0.039674626
0.057622671
0.07494096
0.094988192
0.080188927
0.024298084
-0.011440567
0.003306219
0.044660194
0.066176856
0.069273157
0.067908685
0.069115718
0.070060352
0.067541328
0.075570716
0.090422461
0.066596694
0.019522435
-0.008344267
-0.00624508
0.022303857
0.062188402
0.101233272
0.110732091
0.077722383
0.05158751
0.052427184
0.053791656
0.043453162
0.018945159
-0.019994752
-0.052689583
-0.028234059
0.051430071
0.098084492
0.083757544
0.032117554
-0.035528733
-0.069850433
-0.084754658
-0.079454211
-0.052532144
-0.040199423
-0.053476778
-0.057937549
-0.03757544
-0.007557072
0.020519549
0.045709787
0.068223563
0.070165311
0.043663081
0.006822356
-0.05783259
-0.115035424
-0.09378116
-0.036315928
0.012175282
0.030280766
0.018892679
-0.002466544
-0.009918657
0.013014957
0.027236946
-0.014221989
-0.074258725
-0.099553923
-0.109839937
-0.090317502
-0.041091577
0.008344267
0.025924954
-0.009551299
-0.063867751
-0.083547625
-0.077459984
-0.060823931
-0.060666492
-0.079139334
-0.092679087
-0.078509578
-0.036998163
-0.005195487
-0.000419837
0.012175282
0.009866177
-0.015429021
-0.055261086
-0.061086329
-0.037995277
-0.035843611
-0.064392548
-0.056415639
-0.010023616
0.030018368
0.04056678
-0.002309105
-0.061243768
-0.086591446
-0.091262136
-0.080451325
-0.066544214
-0.060299134
-0.059774337
-0.050327998
-0.020047232
0.029231173
0.051954867
0.055261086
0.069115718
0.082393073
0.072841774
0.039254789
-0.008764104
-0.036998163
-0.054421412
-0.057727631
-0.039674626
-0.010495933
0.018315403
0.039464707
0.035791131
0.013014957
0.00461821
0.01716085
0.024770401
-0.003358699
-0.04523747
-0.061401207
-0.039622146
-0.003043821
0.026712149
0.05310942
0.047808974
-0.001784309
-0.043033325
-0.056573078
-0.046129625
-0.020047232
0.008134348
0.042770926
0.065861978
0.071109945
0.057412753
0.037418001
0.0250328
0.038152716
0.073786408
0.092101811
0.060141695
-0.013907111
-0.066019417
-0.06407767
-0.03600105
0.002256626
0.039202309
0.057937549
0.052899501
0.047441616
0.045867226
0.047231698
0.046182104
0.041301496
0.029913409
0.013014957
0.003988454
0.02351089
0.068485962
0.114982944
0.12337969
0.090527421
0.069955392
0.055995802
0.050695356
0.041826292
0.008606665
-0.028548937
-0.028443978
0.002151666
0.026869588
0.016688533
0.005982682
0.019627394
0.046024665
0.054001574
0.033849383
0.018525321
];

save('VectorAceleraciones.mat', 'a');